0,16,0,29,28,0,0,18,0,0,0,0,0,0,0,15,0,0,0,0,0,0,0,0,16,21,15,0,13,0,29,14,25,14
16,0,0,0,21,0,0,14,0,0,0,0,14,0,0,0,0,0,0,0,0,0,0,11,10,11,0,0,0,0,14,0,17,0
0,0,0,13,18,0,0,0,0,0,22,0,0,0,0,0,0,0,0,0,0,0,0,0,0,20,12,0,0,0,22,14,21,0
29,0,13,0,0,10,0,0,10,11,0,0,10,0,0,0,0,0,0,0,14,11,0,0,0,0,0,0,0,0,0,0,0,0
28,21,18,0,0,10,18,0,0,0,0,0,0,0,0,0,0,0,0,0,0,0,0,24,22,0,11,16,17,0,12,13,0,0
0,0,0,10,10,0,0,0,0,0,0,0,0,0,0,0,0,0,0,0,0,0,0,18,0,0,0,0,0,0,0,0,0,0
0,0,0,0,18,0,0,13,29,36,33,35,20,20,17,0,0,16,18,28,15,17,0,0,0,12,0,0,0,0,16,14,14,10
18,14,0,0,0,0,13,0,0,0,0,0,0,0,13,0,0,0,0,10,11,0,0,23,12,0,11,0,12,0,0,0,0,0
0,0,0,10,0,0,29,0,0,0,11,0,0,0,17,10,20,19,0,0,0,0,0,22,14,0,0,0,10,0,0,0,11,16
0,0,0,11,0,0,36,0,0,0,0,17,20,26,35,36,48,40,22,31,0,10,0,12,0,0,0,0,0,0,0,0,11,40
0,0,22,0,0,0,33,0,11,0,0,0,0,89,135,154,157,98,34,44,0,10,14,0,0,0,0,13,0,0,0,0,0,136
0,0,0,0,0,0,35,0,0,17,0,0,12,19,42,77,76,41,16,0,0,0,10,11,0,0,0,0,0,0,0,0,10,59
0,14,0,10,0,0,20,0,0,20,0,12,0,0,0,22,22,12,0,0,11,0,0,18,0,0,0,0,0,0,0,0,0,17
0,0,0,0,0,0,20,0,0,26,89,19,0,0,49,195,140,46,0,0,10,0,10,0,0,0,0,0,0,0,0,11,0,119
0,0,0,0,0,0,17,13,17,35,135,42,0,49,0,229,119,14,0,10,11,11,0,0,0,0,0,0,0,0,0,18,12,139
15,0,0,0,0,0,0,0,10,36,154,77,22,195,229,0,113,124,73,102,35,12,0,0,0,0,0,10,0,24,0,0,0,32
0,0,0,0,0,0,0,0,20,48,157,76,22,140,119,113,0,78,56,85,33,20,0,0,0,0,0,0,0,11,0,13,0,20
0,0,0,0,0,0,16,0,19,40,98,41,12,46,14,124,78,0,19,43,12,16,0,0,0,0,0,0,0,0,0,18,10,71
0,0,0,0,0,0,18,0,0,22,34,16,0,0,0,73,56,19,0,0,0,0,11,10,0,0,0,0,0,0,0,0,0,45
0,0,0,0,0,0,28,10,0,31,44,0,0,0,10,102,85,43,0,0,0,0,0,0,0,0,0,0,0,0,0,11,0,71
0,0,0,14,0,0,15,11,0,0,0,0,11,10,11,35,33,12,0,0,0,0,0,19,0,0,0,0,0,0,0,0,0,30
0,0,0,11,0,0,17,0,0,10,10,0,0,0,11,12,20,16,0,0,0,0,0,22,10,11,0,0,0,0,0,15,13,15
0,0,0,0,0,0,0,0,0,0,14,10,0,10,0,0,0,0,11,0,0,0,0,19,0,0,0,0,10,0,0,0,0,0
0,11,0,0,24,18,0,23,22,12,0,11,18,0,0,0,0,0,10,0,19,22,19,0,15,26,17,0,0,0,19,21,21,0
16,10,0,0,22,0,0,12,14,0,0,0,0,0,0,0,0,0,0,0,0,10,0,15,0,27,17,0,15,16,19,17,19,0
21,11,20,0,0,0,12,0,0,0,0,0,0,0,0,0,0,0,0,0,0,11,0,26,27,0,16,24,21,12,11,0,10,0
15,0,12,0,11,0,0,11,0,0,0,0,0,0,0,0,0,0,0,0,0,0,0,17,17,16,0,10,12,0,0,10,13,0
0,0,0,0,16,0,0,0,0,0,13,0,0,0,0,10,0,0,0,0,0,0,0,0,0,24,10,0,0,0,18,15,18,0
13,0,0,0,17,0,0,12,10,0,0,0,0,0,0,0,0,0,0,0,0,0,10,0,15,21,12,0,0,0,0,17,19,0
0,0,0,0,0,0,0,0,0,0,0,0,0,0,0,24,11,0,0,0,0,0,0,0,16,12,0,0,0,0,10,0,11,16
29,14,22,0,12,0,16,0,0,0,0,0,0,0,0,0,0,0,0,0,0,0,0,19,19,11,0,18,0,10,0,12,12,0
14,0,14,0,13,0,14,0,0,0,0,0,0,11,18,0,13,18,0,11,0,15,0,21,17,0,10,15,17,0,12,0,0,14
25,17,21,0,0,0,14,0,11,11,0,10,0,0,12,0,0,10,0,0,0,13,0,21,19,10,13,18,19,11,12,0,0,0
14,0,0,0,0,0,10,0,16,40,136,59,17,119,139,32,20,71,45,71,30,15,0,0,0,0,0,0,0,16,0,14,0,0
