0,25,16,23,27,0,0,18,0,12,16,0,0,0,0,0,0,0,0,0,0,0,0,0,0,13,0,15,14,11,33,13,21,0
25,0,20,0,18,0,0,0,0,0,10,0,0,0,0,0,0,0,0,13,0,0,0,0,0,10,0,16,18,20,29,0,18,0
16,20,0,36,30,0,0,32,15,19,24,22,0,0,11,11,0,0,0,17,12,0,16,0,14,24,20,0,22,15,38,20,31,0
23,0,36,0,15,20,18,0,0,0,0,0,0,0,0,0,0,0,0,13,0,0,0,0,0,0,0,14,17,19,21,0,16,0
27,18,30,15,0,31,21,0,0,0,0,0,0,0,0,0,0,0,0,13,0,0,0,0,16,0,13,17,24,26,11,0,0,0
0,0,0,20,31,0,0,36,10,15,17,12,0,0,0,0,0,0,0,16,0,0,14,0,15,20,13,10,12,0,28,17,27,0
0,0,0,18,21,0,0,34,18,41,31,30,0,21,18,0,13,0,0,11,0,0,0,0,0,13,0,0,0,0,16,14,15,0
18,0,32,0,0,36,34,0,0,0,0,0,0,0,0,0,0,0,0,12,0,0,0,0,19,10,0,20,10,12,0,0,0,0
0,0,15,0,0,10,18,0,0,0,0,17,0,0,0,0,0,0,0,0,0,0,0,0,0,0,0,0,0,0,0,0,0,0
12,0,19,0,0,15,41,0,0,0,12,19,0,43,38,38,38,24,0,0,0,0,0,23,17,0,0,18,0,0,0,0,0,16
16,10,24,0,0,17,31,0,0,12,0,0,31,59,79,89,74,63,14,0,0,0,0,42,23,10,12,24,11,12,0,0,0,35
0,0,22,0,0,12,30,0,17,19,0,0,37,55,52,73,62,55,0,0,0,10,0,26,0,0,0,14,0,0,0,12,0,31
0,0,0,0,0,0,0,0,0,0,31,37,0,52,34,13,0,15,0,0,0,0,0,0,0,10,0,0,0,0,0,12,12,0
0,0,0,0,0,0,21,0,0,43,59,55,52,0,30,101,77,75,0,0,0,0,0,14,0,0,0,0,0,0,0,10,0,19
0,0,11,0,0,0,18,0,0,38,79,52,34,30,0,82,50,35,0,0,0,0,0,0,0,0,0,0,0,0,0,10,10,0
0,0,11,0,0,0,0,0,0,38,89,73,13,101,82,0,0,0,10,12,0,0,0,0,13,0,0,19,0,0,0,0,0,0
0,0,0,0,0,0,13,0,0,38,74,62,0,77,50,0,0,0,0,14,0,0,0,0,0,0,0,12,0,0,0,0,0,0
0,0,0,0,0,0,0,0,0,24,63,55,15,75,35,0,0,0,0,12,0,10,0,0,0,0,0,13,0,0,0,0,0,0
0,0,0,0,0,0,0,0,0,0,14,0,0,0,0,10,0,0,0,0,0,0,0,0,0,0,0,0,0,0,0,0,0,0
0,13,17,13,13,16,11,12,0,0,0,0,0,0,0,12,14,12,0,0,13,0,19,23,16,11,10,17,0,0,0,10,10,11
0,0,12,0,0,0,0,0,0,0,0,0,0,0,0,0,0,0,0,13,0,0,0,0,0,0,0,0,0,0,0,0,0,0
0,0,0,0,0,0,0,0,0,0,0,10,0,0,0,0,0,10,0,0,0,0,0,0,0,0,0,0,0,0,0,0,0,0
0,0,16,0,0,14,0,0,0,0,0,0,0,0,0,0,0,0,0,19,0,0,0,0,0,0,0,0,0,0,0,0,0,0
0,0,0,0,0,0,0,0,0,23,42,26,0,14,0,0,0,0,0,23,0,0,0,0,0,0,0,0,0,0,0,0,0,0
0,0,14,0,16,15,0,19,0,17,23,0,0,0,0,13,0,0,0,16,0,0,0,0,0,22,11,0,0,0,15,11,16,0
13,10,24,0,0,20,13,10,0,0,10,0,10,0,0,0,0,0,0,11,0,0,0,0,22,0,0,12,13,17,0,0,0,0
0,0,20,0,13,13,0,0,0,0,12,0,0,0,0,0,0,0,0,10,0,0,0,0,11,0,0,18,22,18,13,0,11,0
15,16,0,14,17,10,0,20,0,18,24,14,0,0,0,19,12,13,0,17,0,0,0,0,0,12,18,0,16,16,24,0,15,0
14,18,22,17,24,12,0,10,0,0,11,0,0,0,0,0,0,0,0,0,0,0,0,0,0,13,22,16,0,14,42,0,20,0
11,20,15,19,26,0,0,12,0,0,12,0,0,0,0,0,0,0,0,0,0,0,0,0,0,17,18,16,14,0,39,10,20,0
33,29,38,21,11,28,16,0,0,0,0,0,0,0,0,0,0,0,0,0,0,0,0,0,15,0,13,24,42,39,0,0,0,0
13,0,20,0,0,17,14,0,0,0,0,12,12,10,10,0,0,0,0,10,0,0,0,0,11,0,0,0,0,10,0,0,0,0
21,18,31,16,0,27,15,0,0,0,0,0,12,0,10,0,0,0,0,10,0,0,0,0,16,0,11,15,20,20,0,0,0,0
0,0,0,0,0,0,0,0,0,16,35,31,0,19,0,0,0,0,0,11,0,0,0,0,0,0,0,0,0,0,0,0,0,0
