0,0,0,0,0,0,10,0,13,0,0,12,12,13,0,0,0,11,0,0,0,0,0,0,0,0,0,0,0,0,0,0,0,0
0,0,26,0,13,0,22,0,0,12,0,10,0,12,0,0,0,0,0,13,0,0,0,0,0,10,0,0,0,0,0,11,16,0
0,26,0,50,40,19,0,15,0,0,0,0,0,0,0,0,0,0,0,16,0,0,0,0,0,25,16,0,10,0,33,22,40,0
0,0,50,0,29,17,43,0,0,12,0,0,0,0,0,0,10,0,0,18,0,0,0,0,0,15,0,0,0,0,0,21,26,18
0,13,40,29,0,22,51,12,0,0,0,0,0,10,0,12,22,0,0,10,0,0,0,0,0,0,12,0,21,0,0,19,0,34
0,0,19,17,22,0,17,16,0,0,0,0,12,0,11,0,10,0,11,23,0,14,10,0,0,16,0,0,0,0,17,17,25,14
10,22,0,43,51,17,0,47,34,32,0,26,21,20,15,0,0,0,11,13,0,17,0,0,0,31,0,0,0,0,42,29,43,0
0,0,15,0,12,16,47,0,0,0,0,0,0,0,0,11,15,0,0,0,0,0,0,0,0,0,0,0,0,0,0,0,0,25
13,0,0,0,0,0,34,0,0,15,0,0,0,0,0,26,33,0,0,0,0,0,0,0,0,0,0,0,0,0,0,0,0,43
0,12,0,12,0,0,32,0,15,0,0,0,17,20,15,23,20,0,0,0,0,0,0,13,16,0,13,0,11,13,0,0,0,26
0,0,0,0,0,0,0,0,0,0,0,0,17,22,21,28,23,17,0,0,13,0,0,16,12,0,0,0,0,10,0,0,0,20
12,10,0,0,0,0,26,0,0,0,0,0,13,0,10,42,41,22,0,0,0,0,10,11,11,0,0,0,0,0,0,0,0,44
12,0,0,0,0,12,21,0,0,17,17,13,0,0,0,42,54,19,11,0,0,0,0,0,0,0,0,0,0,0,0,0,0,59
13,12,0,0,10,0,20,0,0,20,22,0,0,0,0,85,82,41,0,10,0,0,10,0,0,0,0,0,0,0,0,0,0,67
0,0,0,0,0,11,15,0,0,15,21,10,0,0,0,117,95,12,0,0,0,0,0,10,0,0,0,12,0,0,0,0,0,83
0,0,0,0,12,0,0,11,26,23,28,42,42,85,117,0,0,22,27,21,28,21,11,0,10,15,17,0,0,0,11,10,12,34
0,0,0,10,22,10,0,15,33,20,23,41,54,82,95,0,0,91,51,35,41,34,22,0,15,25,24,0,15,0,19,18,21,21
11,0,0,0,0,0,0,0,0,0,17,22,19,41,12,22,91,0,21,18,25,0,0,0,0,0,0,0,0,0,0,0,0,60
0,0,0,0,0,11,11,0,0,0,0,0,11,0,0,27,51,21,0,0,18,0,0,13,0,0,0,0,0,0,0,0,0,55
0,13,16,18,10,23,13,0,0,0,0,0,0,10,0,21,35,18,0,0,0,0,0,10,0,0,0,0,11,13,0,0,0,33
0,0,0,0,0,0,0,0,0,0,13,0,0,0,0,28,41,25,18,0,0,0,0,14,0,0,0,0,0,0,0,0,0,46
0,0,0,0,0,14,17,0,0,0,0,0,0,0,0,21,34,0,0,0,0,0,0,0,0,0,0,0,16,0,0,0,0,49
0,0,0,0,0,10,0,0,0,0,0,10,0,10,0,11,22,0,0,0,0,0,0,11,0,0,0,0,12,0,0,0,0,39
0,0,0,0,0,0,0,0,0,13,16,11,0,0,10,0,0,0,13,10,14,0,11,0,10,0,0,10,0,0,0,0,0,25
0,0,0,0,0,0,0,0,0,16,12,11,0,0,0,10,15,0,0,0,0,0,0,10,0,10,0,0,17,10,0,0,0,28
0,10,25,15,0,16,31,0,0,0,0,0,0,0,0,15,25,0,0,0,0,0,0,0,10,0,23,15,36,0,16,10,11,38
0,0,16,0,12,0,0,0,0,13,0,0,0,0,0,17,24,0,0,0,0,0,0,0,0,23,0,0,22,0,21,20,20,35
0,0,0,0,0,0,0,0,0,0,0,0,0,0,12,0,0,0,0,0,0,0,0,10,0,15,0,0,0,0,11,10,12,14
0,0,10,0,21,0,0,0,0,11,0,0,0,0,0,0,15,0,0,11,0,16,12,0,17,36,22,0,0,0,13,23,28,23
0,0,0,0,0,0,0,0,0,13,10,0,0,0,0,0,0,0,0,13,0,0,0,0,10,0,0,0,0,0,0,0,0,0
0,0,33,0,0,17,42,0,0,0,0,0,0,0,0,11,19,0,0,0,0,0,0,0,0,16,21,11,13,0,0,16,22,32
0,11,22,21,19,17,29,0,0,0,0,0,0,0,0,10,18,0,0,0,0,0,0,0,0,10,20,10,23,0,16,0,14,34
0,16,40,26,0,25,43,0,0,0,0,0,0,0,0,12,21,0,0,0,0,0,0,0,0,11,20,12,28,0,22,14,0,33
0,0,0,18,34,14,0,25,43,26,20,44,59,67,83,34,21,60,55,33,46,49,39,25,28,38,35,14,23,0,32,34,33,0
