0,0,0,0,0,0,0,0,0,13,0,0,0,0,0,21,0,0,0,0,11,0,0,0,0,11,0,0,0,0,11,0,10,10
0,0,10,11,13,0,14,0,0,0,0,0,0,0,0,0,0,0,0,13,0,0,0,0,0,0,0,0,0,0,10,0,0,0
0,10,0,11,17,0,14,0,0,0,0,0,0,0,0,16,0,0,0,21,0,0,0,12,0,0,0,0,0,0,11,0,12,0
0,11,11,0,11,11,29,0,13,0,0,0,0,0,0,0,0,0,0,11,0,0,0,0,0,13,0,0,0,0,16,11,13,0
0,13,17,11,0,0,41,0,0,21,0,0,0,0,0,0,0,0,0,17,0,0,0,0,0,0,10,0,0,12,0,0,0,0
0,0,0,11,0,0,0,0,10,0,0,12,10,12,14,0,0,0,0,0,0,0,0,0,0,0,0,0,0,0,0,0,0,12
0,14,14,29,41,0,0,33,32,27,0,11,21,0,10,0,0,0,18,0,23,31,30,0,18,32,12,0,0,0,29,43,40,0
0,0,0,0,0,0,33,0,0,36,0,19,11,0,10,0,0,0,14,10,12,12,0,0,0,0,0,0,0,0,0,16,0,16
0,0,0,13,0,10,32,0,0,31,12,37,0,12,0,0,0,0,10,17,10,0,0,0,0,0,0,0,0,0,0,0,0,12
13,0,0,0,21,0,27,36,31,0,11,0,17,10,11,0,0,10,13,0,16,24,14,0,0,10,0,0,0,0,0,30,19,0
0,0,0,0,0,0,0,0,12,11,0,0,20,0,23,27,26,22,10,0,0,13,0,0,0,0,0,0,0,0,0,0,0,16
0,0,0,0,0,12,11,19,37,0,0,0,26,0,12,13,0,0,13,15,0,15,0,0,0,0,0,0,0,0,0,14,0,15
0,0,0,0,0,10,21,11,0,17,20,26,0,30,14,0,12,13,13,19,0,0,0,0,0,0,0,0,0,0,0,13,0,0
0,0,0,0,0,12,0,0,12,10,0,0,30,0,0,19,0,0,12,0,0,0,0,0,0,0,0,0,0,0,0,0,0,11
0,0,0,0,0,14,10,10,0,11,23,12,14,0,0,31,0,10,0,15,0,0,0,0,0,0,0,0,0,0,0,0,0,0
21,0,16,0,0,0,0,0,0,0,27,13,0,19,31,0,39,0,0,18,0,0,0,0,10,0,0,10,12,17,0,0,0,0
0,0,0,0,0,0,0,0,0,0,26,0,12,0,0,39,0,0,0,17,0,0,0,0,0,0,0,0,0,0,0,0,0,0
0,0,0,0,0,0,0,0,0,10,22,0,13,0,10,0,0,0,0,22,0,0,0,0,0,0,0,0,0,0,0,0,0,0
0,0,0,0,0,0,18,14,10,13,10,13,13,12,0,0,0,0,0,20,0,12,0,0,0,0,0,0,0,0,0,11,0,0
0,13,21,11,17,0,0,10,17,0,0,15,19,0,15,18,17,22,20,0,16,16,18,30,25,15,16,16,13,12,22,12,15,26
11,0,0,0,0,0,23,12,10,16,0,0,0,0,0,0,0,0,0,16,0,0,0,0,0,0,0,0,0,0,0,0,0,12
0,0,0,0,0,0,31,12,0,24,13,15,0,0,0,0,0,0,12,16,0,0,0,0,10,0,0,0,0,0,0,13,0,0
0,0,0,0,0,0,30,0,0,14,0,0,0,0,0,0,0,0,0,18,0,0,0,0,0,10,0,10,0,0,0,0,11,0
0,0,12,0,0,0,0,0,0,0,0,0,0,0,0,0,0,0,0,30,0,0,0,0,0,0,19,0,25,23,0,0,0,28
0,0,0,0,0,0,18,0,0,0,0,0,0,0,0,10,0,0,0,25,0,10,0,0,0,0,0,10,16,0,0,0,0,0
11,0,0,13,0,0,32,0,0,10,0,0,0,0,0,0,0,0,0,15,0,0,10,0,0,0,0,0,10,15,0,0,0,0
0,0,0,0,10,0,12,0,0,0,0,0,0,0,0,0,0,0,0,16,0,0,0,19,0,0,0,0,0,0,10,0,13,0
0,0,0,0,0,0,0,0,0,0,0,0,0,0,0,10,0,0,0,16,0,0,10,0,10,0,0,0,22,24,11,0,0,0
0,0,0,0,0,0,0,0,0,0,0,0,0,0,0,12,0,0,0,13,0,0,0,25,16,10,0,22,0,0,0,0,0,0
0,0,0,0,12,0,0,0,0,0,0,0,0,0,0,17,0,0,0,12,0,0,0,23,0,15,0,24,0,0,19,0,16,0
11,10,11,16,0,0,29,0,0,0,0,0,0,0,0,0,0,0,0,22,0,0,0,0,0,0,10,11,0,19,0,0,0,0
0,0,0,11,0,0,43,16,0,30,0,14,13,0,0,0,0,0,11,12,0,13,0,0,0,0,0,0,0,0,0,0,0,0
10,0,12,13,0,0,40,0,0,19,0,0,0,0,0,0,0,0,0,15,0,0,11,0,0,0,13,0,0,16,0,0,0,0
10,0,0,0,0,12,0,16,12,0,16,15,0,11,0,0,0,0,0,26,12,0,0,28,0,0,0,0,0,0,0,0,0,0
