0,0,0,0,15,0,0,0,0,0,0,0,0,0,0,0,0,0,0,0,0,0,0,0,0,18,13,0,0,0,16,10,17,0
0,0,0,0,26,0,0,0,12,0,0,0,0,0,0,0,0,0,0,12,15,15,17,0,12,28,16,0,0,0,24,22,28,0
0,0,0,0,29,11,0,0,13,0,0,0,0,0,0,0,0,0,0,20,16,17,17,0,0,23,14,0,0,0,24,20,27,0
0,0,0,0,21,0,10,0,10,0,0,0,0,0,0,0,0,0,0,0,11,18,0,0,0,18,0,0,0,0,0,23,24,0
15,26,29,21,0,22,15,0,0,0,0,0,0,0,0,0,0,0,0,0,0,10,0,0,0,0,0,17,12,0,0,15,0,0
0,0,11,0,22,0,0,11,0,0,0,0,10,0,0,0,0,0,0,13,12,19,0,0,0,10,0,0,0,0,12,19,19,0
0,0,0,10,15,0,0,12,20,16,0,29,21,16,0,0,0,13,16,18,0,21,0,0,0,0,0,0,0,0,0,15,12,0
0,0,0,0,0,11,12,0,11,0,0,0,13,0,0,0,0,0,0,0,0,14,0,0,0,0,0,0,0,0,0,0,0,0
0,12,13,10,0,0,20,11,0,18,0,10,11,19,0,0,0,0,0,0,0,0,0,0,0,0,0,18,11,0,0,0,0,0
0,0,0,0,0,0,16,0,18,0,0,20,27,16,0,13,0,0,13,0,0,19,0,0,0,0,0,0,0,0,0,0,0,13
0,0,0,0,0,0,0,0,0,0,0,29,37,77,77,83,37,50,15,0,0,0,0,0,0,0,0,10,0,0,0,0,0,65
0,0,0,0,0,0,29,0,10,20,29,0,36,16,19,35,0,0,0,0,0,0,0,0,0,0,0,10,0,0,0,0,0,32
0,0,0,0,0,10,21,13,11,27,37,36,0,39,0,11,18,28,20,11,12,0,14,11,0,0,12,13,0,0,0,0,0,0
0,0,0,0,0,0,16,0,19,16,77,16,39,0,24,41,0,0,0,16,0,18,11,0,0,0,0,0,0,0,0,0,0,17
0,0,0,0,0,0,0,0,0,0,77,19,0,24,0,0,44,30,0,29,0,0,0,0,0,0,0,0,0,10,0,0,0,0
0,0,0,0,0,0,0,0,0,13,83,35,11,41,0,0,69,52,25,40,0,0,10,0,0,0,0,0,0,12,0,0,0,0
0,0,0,0,0,0,0,0,0,0,37,0,18,0,44,69,0,0,0,24,18,0,11,11,14,10,10,0,0,0,0,0,10,43
0,0,0,0,0,0,13,0,0,0,50,0,28,0,30,52,0,0,0,29,12,11,10,0,0,0,0,0,0,0,0,0,0,19
0,0,0,0,0,0,16,0,0,13,15,0,20,0,0,25,0,0,0,12,10,0,14,17,11,0,11,12,0,0,0,0,0,22
0,12,20,0,0,13,18,0,0,0,0,0,11,16,29,40,24,29,12,0,0,0,0,22,10,0,0,16,0,0,0,0,0,49
0,15,16,11,0,12,0,0,0,0,0,0,12,0,0,0,18,12,10,0,0,0,0,31,0,0,10,13,0,0,0,0,0,19
0,15,17,18,10,19,21,14,0,19,0,0,0,18,0,0,0,11,0,0,0,0,0,13,0,0,16,19,11,0,0,0,0,10
0,17,17,0,0,0,0,0,0,0,0,0,14,11,0,10,11,10,14,0,0,0,0,15,0,0,0,14,0,0,0,0,0,12
0,0,0,0,0,0,0,0,0,0,0,0,11,0,0,0,11,0,17,22,31,13,15,0,0,10,10,0,0,0,0,0,10,0
0,12,0,0,0,0,0,0,0,0,0,0,0,0,0,0,14,0,11,10,0,0,0,0,0,12,0,0,0,0,0,0,10,0
18,28,23,18,0,10,0,0,0,0,0,0,0,0,0,0,10,0,0,0,0,0,0,10,12,0,21,22,28,10,14,11,0,0
13,16,14,0,0,0,0,0,0,0,0,0,12,0,0,0,10,0,11,0,10,16,0,10,0,21,0,17,22,0,0,18,17,0
0,0,0,0,17,0,0,0,18,0,10,10,13,0,0,0,0,0,12,16,13,19,14,0,0,22,17,0,0,0,0,16,18,0
0,0,0,0,12,0,0,0,11,0,0,0,0,0,0,0,0,0,0,0,0,11,0,0,0,28,22,0,0,0,0,18,22,0
0,0,0,0,0,0,0,0,0,0,0,0,0,0,10,12,0,0,0,0,0,0,0,0,0,10,0,0,0,0,0,0,0,0
16,24,24,0,0,12,0,0,0,0,0,0,0,0,0,0,0,0,0,0,0,0,0,0,0,14,0,0,0,0,0,15,20,0
10,22,20,23,15,19,15,0,0,0,0,0,0,0,0,0,0,0,0,0,0,0,0,0,0,11,18,16,18,0,15,0,10,0
17,28,27,24,0,19,12,0,0,0,0,0,0,0,0,0,10,0,0,0,0,0,0,10,10,0,17,18,22,0,20,10,0,0
0,0,0,0,0,0,0,0,0,13,65,32,0,17,0,0,43,19,22,49,19,10,12,0,0,0,0,0,0,0,0,0,0,0
