0,0,0,0,0,0,14,0,0,0,0,0,0,0,26,18,0,0,0,0,0,0,0,0,0,0,14,0,11,0,0,0,0,0
0,0,11,0,0,0,0,0,0,14,0,0,0,0,12,10,0,0,0,11,0,0,11,0,0,0,14,0,0,0,0,0,0,0
0,11,0,16,16,0,0,20,14,10,0,0,0,0,0,0,0,0,0,0,0,0,0,0,0,0,0,0,0,0,0,12,0,0
0,0,16,0,0,12,23,0,0,10,0,0,0,0,0,0,0,0,0,0,0,0,0,0,0,0,11,0,0,0,0,0,0,10
0,0,16,0,0,0,30,0,0,0,0,0,0,0,0,0,0,0,0,0,0,0,12,10,14,0,0,16,0,0,0,0,12,0
0,0,0,12,0,0,16,17,14,10,0,0,0,0,0,0,0,0,0,0,0,0,0,0,0,0,11,0,0,0,0,0,0,0
14,0,0,23,30,16,0,45,40,14,14,26,18,13,0,0,0,0,11,0,0,17,13,0,0,15,0,0,0,0,13,33,23,0
0,0,20,0,0,17,45,0,0,0,0,0,0,0,0,0,0,0,0,0,0,0,0,0,10,0,0,0,0,0,0,0,0,0
0,0,14,0,0,14,40,0,0,12,0,0,0,0,0,0,0,0,0,0,12,0,0,14,0,0,0,0,0,0,0,0,0,0
0,14,10,10,0,10,14,0,12,0,0,0,15,0,0,0,0,11,10,0,0,0,0,0,0,0,0,0,0,0,0,0,0,0
0,0,0,0,0,0,14,0,0,0,0,18,19,60,46,53,36,41,14,0,0,0,0,10,0,0,0,0,0,0,0,0,0,43
0,0,0,0,0,0,26,0,0,0,18,0,0,0,0,17,0,10,0,0,0,0,0,0,0,0,0,0,0,0,0,0,0,0
0,0,0,0,0,0,18,0,0,15,19,0,0,20,12,0,0,13,0,0,0,0,0,0,0,0,0,0,0,0,0,0,0,0
0,0,0,0,0,0,13,0,0,0,60,0,20,0,0,10,10,13,0,0,0,10,0,0,0,0,0,0,0,0,0,0,0,0
26,12,0,0,0,0,0,0,0,0,46,0,12,0,0,0,21,15,0,0,0,0,0,0,0,0,0,0,0,19,0,0,0,0
18,10,0,0,0,0,0,0,0,0,53,17,0,10,0,0,48,38,10,0,0,0,0,0,0,0,0,0,0,13,0,0,0,0
0,0,0,0,0,0,0,0,0,0,36,0,0,10,21,48,0,0,10,19,0,0,0,0,0,0,0,0,0,0,0,0,0,18
0,0,0,0,0,0,0,0,0,11,41,10,13,13,15,38,0,0,11,11,0,0,0,0,0,0,0,0,0,0,0,0,0,14
0,0,0,0,0,0,11,0,0,10,14,0,0,0,0,10,10,11,0,0,0,0,0,0,0,0,0,0,0,0,0,0,0,0
0,11,0,0,0,0,0,0,0,0,0,0,0,0,0,0,19,11,0,0,0,0,0,0,0,0,0,0,0,0,0,0,0,15
0,0,0,0,0,0,0,0,12,0,0,0,0,0,0,0,0,0,0,0,0,11,0,0,0,0,0,0,0,0,0,11,0,0
0,0,0,0,0,0,17,0,0,0,0,0,0,10,0,0,0,0,0,0,11,0,15,0,14,0,0,15,0,0,0,0,0,0
0,11,0,0,12,0,13,0,0,0,0,0,0,0,0,0,0,0,0,0,0,15,0,0,0,0,0,0,0,0,0,17,17,10
0,0,0,0,10,0,0,0,14,0,10,0,0,0,0,0,0,0,0,0,0,0,0,0,0,14,0,0,0,0,11,13,15,0
0,0,0,0,14,0,0,10,0,0,0,0,0,0,0,0,0,0,0,0,0,14,0,0,0,17,14,0,0,0,14,11,14,0
0,0,0,0,0,0,15,0,0,0,0,0,0,0,0,0,0,0,0,0,0,0,0,14,17,0,13,20,10,0,0,0,0,0
14,14,0,11,0,11,0,0,0,0,0,0,0,0,0,0,0,0,0,0,0,0,0,0,14,13,0,15,0,10,0,0,0,0
0,0,0,0,16,0,0,0,0,0,0,0,0,0,0,0,0,0,0,0,0,15,0,0,0,20,15,0,13,0,16,17,16,0
11,0,0,0,0,0,0,0,0,0,0,0,0,0,0,0,0,0,0,0,0,0,0,0,0,10,0,13,0,0,0,0,0,0
0,0,0,0,0,0,0,0,0,0,0,0,0,0,19,13,0,0,0,0,0,0,0,0,0,0,10,0,0,0,0,12,0,0
0,0,0,0,0,0,13,0,0,0,0,0,0,0,0,0,0,0,0,0,0,0,0,11,14,0,0,16,0,0,0,16,12,0
0,0,12,0,0,0,33,0,0,0,0,0,0,0,0,0,0,0,0,0,11,0,17,13,11,0,0,17,0,12,16,0,0,0
0,0,0,0,12,0,23,0,0,0,0,0,0,0,0,0,0,0,0,0,0,0,17,15,14,0,0,16,0,0,12,0,0,0
0,0,0,10,0,0,0,0,0,0,43,0,0,0,0,0,18,14,0,15,0,0,10,0,0,0,0,0,0,0,0,0,0,0
