0,0,0,0,0,0,0,0,0,0,0,0,0,0,0,0,0,0,0,0,21,0,11,0,10,0,14,0,12,15,0,0,0,12
0,0,18,0,0,0,10,0,0,0,0,0,0,0,0,0,0,0,0,12,16,0,0,0,0,0,0,0,0,0,11,0,0,0
0,18,0,26,13,0,0,0,0,0,0,0,0,0,0,0,0,0,10,18,20,0,0,0,15,10,0,0,0,0,0,0,0,0
0,0,26,0,0,0,11,0,0,0,0,0,0,0,0,0,0,0,0,12,11,0,0,0,0,0,0,0,0,12,0,0,0,0
0,0,13,0,0,10,0,13,0,0,0,0,0,0,0,0,0,0,11,12,10,0,0,0,0,0,0,0,10,17,0,0,0,0
0,0,0,0,10,0,11,0,0,0,0,0,0,0,0,0,0,0,11,0,0,0,0,0,0,0,0,0,0,0,0,0,0,0
0,10,0,11,0,11,0,0,0,0,11,0,0,0,0,0,0,0,0,0,0,0,0,0,0,0,0,0,0,0,0,0,0,0
0,0,0,0,13,0,0,0,0,0,11,0,0,0,0,0,0,0,0,0,0,0,12,0,0,0,0,0,0,0,0,0,0,0
0,0,0,0,0,0,0,0,0,0,13,0,0,0,0,0,10,0,0,0,0,0,0,10,0,0,0,0,0,0,0,0,0,0
0,0,0,0,0,0,0,0,0,0,0,0,0,0,10,0,0,0,0,12,13,0,15,15,12,0,10,10,12,0,0,0,0,0
0,0,0,0,0,0,11,11,13,0,0,0,11,0,20,0,0,0,12,17,15,16,17,0,0,10,0,0,0,0,0,12,10,12
0,0,0,0,0,0,0,0,0,0,0,0,0,0,0,0,0,0,0,0,0,0,0,0,0,0,0,0,0,0,0,0,0,0
0,0,0,0,0,0,0,0,0,0,11,0,0,0,0,0,0,16,31,38,20,0,0,0,0,0,0,0,0,0,0,0,0,0
0,0,0,0,0,0,0,0,0,0,0,0,0,0,16,33,0,0,0,28,17,0,0,0,0,0,0,0,0,10,0,0,0,16
0,0,0,0,0,0,0,0,0,10,20,0,0,16,0,56,0,0,15,67,29,0,0,0,0,0,0,0,0,12,0,0,0,34
0,0,0,0,0,0,0,0,0,0,0,0,0,33,56,0,56,61,48,113,32,0,0,0,0,0,0,0,0,0,10,0,0,14
0,0,0,0,0,0,0,0,10,0,0,0,0,0,0,56,0,30,36,128,41,0,0,0,0,0,0,0,0,0,0,0,0,13
0,0,0,0,0,0,0,0,0,0,0,0,16,0,0,61,30,0,36,100,38,0,12,0,0,0,0,0,0,0,0,0,0,25
0,0,10,0,11,11,0,0,0,0,12,0,31,0,15,48,36,36,0,34,24,0,17,0,14,12,0,0,11,0,12,0,10,29
0,12,18,12,12,0,0,0,0,12,17,0,38,28,67,113,128,100,34,0,16,0,11,24,26,16,20,22,27,17,16,0,0,84
21,16,20,11,10,0,0,0,0,13,15,0,20,17,29,32,41,38,24,16,0,0,0,11,13,0,0,15,22,25,19,0,10,32
0,0,0,0,0,0,0,0,0,0,16,0,0,0,0,0,0,0,0,0,0,0,0,0,0,0,0,0,0,0,0,0,0,0
11,0,0,0,0,0,0,12,0,15,17,0,0,0,0,0,0,12,17,11,0,0,0,17,0,0,0,10,0,15,0,0,0,0
0,0,0,0,0,0,0,0,10,15,0,0,0,0,0,0,0,0,0,24,11,0,17,0,0,15,14,0,12,15,0,0,11,0
10,0,15,0,0,0,0,0,0,12,0,0,0,0,0,0,0,0,14,26,13,0,0,0,0,12,0,0,16,13,0,0,12,0
0,0,10,0,0,0,0,0,0,0,10,0,0,0,0,0,0,0,12,16,0,0,0,15,12,0,0,17,10,18,0,0,17,0
14,0,0,0,0,0,0,0,0,10,0,0,0,0,0,0,0,0,0,20,0,0,0,14,0,0,0,16,15,19,0,0,11,0
0,0,0,0,0,0,0,0,0,10,0,0,0,0,0,0,0,0,0,22,15,0,10,0,0,17,16,0,10,17,0,0,16,0
12,0,0,0,10,0,0,0,0,12,0,0,0,0,0,0,0,0,11,27,22,0,0,12,16,10,15,10,0,0,0,0,0,0
15,0,0,12,17,0,0,0,0,0,0,0,0,10,12,0,0,0,0,17,25,0,15,15,13,18,19,17,0,0,0,0,12,0
0,11,0,0,0,0,0,0,0,0,0,0,0,0,0,10,0,0,12,16,19,0,0,0,0,0,0,0,0,0,0,0,0,0
0,0,0,0,0,0,0,0,0,0,12,0,0,0,0,0,0,0,0,0,0,0,0,0,0,0,0,0,0,0,0,0,0,0
0,0,0,0,0,0,0,0,0,0,10,0,0,0,0,0,0,0,10,0,10,0,0,11,12,17,11,16,0,12,0,0,0,0
12,0,0,0,0,0,0,0,0,0,12,0,0,16,34,14,13,25,29,84,32,0,0,0,0,0,0,0,0,0,0,0,0,0
