0,20,0,24,18,0,0,11,10,0,0,0,0,0,0,0,0,0,0,0,0,0,0,0,0,0,0,0,0,0,17,0,13,0
20,0,0,22,18,0,0,12,0,0,0,0,0,0,0,0,15,11,0,0,0,0,0,0,0,0,0,19,0,13,0,0,10,22
0,0,0,10,12,21,0,20,17,13,0,18,12,24,22,13,26,22,13,0,0,11,0,0,0,0,0,0,0,0,0,0,0,30
24,22,10,0,0,0,0,0,10,0,0,0,0,0,12,13,21,13,0,0,0,0,0,11,15,0,0,29,10,21,0,0,0,30
18,18,12,0,0,11,18,0,0,0,0,0,0,0,21,17,24,12,0,0,11,0,21,26,32,0,22,37,15,23,0,0,0,39
0,0,21,0,11,0,0,18,18,0,0,11,11,18,19,16,26,18,0,0,0,11,0,0,0,0,0,14,0,10,0,0,0,34
0,0,0,0,18,0,0,25,28,22,17,29,27,37,29,19,35,29,21,14,0,23,0,0,0,15,0,0,0,0,0,20,17,32
11,12,20,0,0,18,25,0,11,0,0,0,15,16,30,24,29,18,0,0,0,0,0,17,16,0,0,23,0,14,0,0,0,46
10,0,17,10,0,18,28,11,0,46,13,11,30,11,37,37,38,13,0,0,16,0,11,14,11,0,0,18,0,14,0,0,0,56
0,0,13,0,0,0,22,0,46,0,0,40,60,57,55,44,53,39,26,0,0,33,0,0,0,13,0,0,0,0,0,22,12,60
0,0,0,0,0,0,17,0,13,0,0,21,48,50,44,39,37,30,19,0,0,12,0,0,0,0,0,0,0,0,0,0,0,40
0,0,18,0,0,11,29,0,11,40,21,0,82,60,78,69,62,30,12,0,0,14,0,0,0,0,0,10,0,0,0,0,0,75
0,0,12,0,0,11,27,15,30,60,48,82,0,19,24,33,12,22,79,22,50,34,25,13,13,0,0,12,0,0,0,12,0,43
0,0,24,0,0,18,37,16,11,57,50,60,19,0,66,57,32,0,12,16,19,0,0,0,0,0,0,0,0,0,0,0,0,62
0,0,22,12,21,19,29,30,37,55,44,78,24,66,0,0,0,34,50,19,28,31,22,0,0,17,0,0,0,0,14,29,17,18
0,0,13,13,17,16,19,24,37,44,39,69,33,57,0,0,15,65,75,26,40,45,29,0,12,18,10,0,0,0,11,25,15,0
0,15,26,21,24,26,35,29,38,53,37,62,12,32,0,15,0,54,79,37,47,32,27,10,14,13,0,10,0,0,13,25,15,36
0,11,22,13,12,18,29,18,13,39,30,30,22,0,34,65,54,0,47,21,32,0,0,11,0,0,0,10,0,0,0,0,0,64
0,0,13,0,0,0,21,0,0,26,19,12,79,12,50,75,79,47,0,10,21,0,0,0,0,0,0,0,0,0,0,0,0,69
0,0,0,0,0,0,14,0,0,0,0,0,22,16,19,26,37,21,10,0,0,0,0,0,0,0,0,0,0,0,0,0,0,37
0,0,0,0,11,0,0,0,16,0,0,0,50,19,28,40,47,32,21,0,0,40,0,13,0,10,0,0,0,0,0,15,11,40
0,0,11,0,0,11,23,0,0,33,12,14,34,0,31,45,32,0,0,0,40,0,19,22,16,0,0,19,0,0,0,0,0,50
0,0,0,0,21,0,0,0,11,0,0,0,25,0,22,29,27,0,0,0,0,19,0,20,0,18,11,17,0,0,0,27,24,33
0,0,0,11,26,0,0,17,14,0,0,0,13,0,0,0,10,11,0,0,13,22,20,0,13,38,25,12,20,0,24,22,28,0
0,0,0,15,32,0,0,16,11,0,0,0,13,0,0,12,14,0,0,0,0,16,0,13,0,42,12,12,0,0,30,25,38,15
0,0,0,0,0,0,15,0,0,13,0,0,0,0,17,18,13,0,0,0,10,0,18,38,42,0,16,41,0,15,0,0,0,32
0,0,0,0,22,0,0,0,0,0,0,0,0,0,0,10,0,0,0,0,0,0,11,25,12,16,0,37,0,11,27,10,27,17
0,19,0,29,37,14,0,23,18,0,0,10,12,0,0,0,10,10,0,0,0,19,17,12,12,41,37,0,32,13,46,29,41,0
0,0,0,10,15,0,0,0,0,0,0,0,0,0,0,0,0,0,0,0,0,0,0,20,0,0,0,32,0,0,20,10,20,13
0,13,0,21,23,10,0,14,14,0,0,0,0,0,0,0,0,0,0,0,0,0,0,0,0,15,11,13,0,0,32,17,24,0
17,0,0,0,0,0,0,0,0,0,0,0,0,0,14,11,13,0,0,0,0,0,0,24,30,0,27,46,20,32,0,0,11,26
0,0,0,0,0,0,20,0,0,22,0,0,12,0,29,25,25,0,0,0,15,0,27,22,25,0,10,29,10,17,0,0,0,42
13,10,0,0,0,0,17,0,0,12,0,0,0,0,17,15,15,0,0,0,11,0,24,28,38,0,27,41,20,24,11,0,0,33
0,22,30,30,39,34,32,46,56,60,40,75,43,62,18,0,36,64,69,37,40,50,33,0,15,32,17,0,13,0,26,42,33,0
