0,0,14,0,21,0,0,14,20,17,33,22,15,31,44,37,22,11,0,0,0,11,0,0,0,17,12,0,0,0,11,19,0,0
0,0,12,0,0,0,41,0,17,0,0,0,0,0,13,0,22,10,0,22,40,30,21,0,0,0,0,0,0,0,0,0,0,0
14,12,0,0,0,0,12,10,0,12,12,0,0,39,16,11,0,14,12,15,20,21,24,20,16,16,16,12,14,10,0,0,0,0
0,0,0,0,0,0,10,14,0,0,0,12,14,0,10,12,0,0,0,0,22,0,10,15,0,18,23,21,29,27,11,33,50,39
21,0,0,0,0,0,0,0,0,0,0,0,0,10,0,0,0,0,0,13,14,11,11,16,0,0,0,48,0,0,0,0,19,12
0,0,0,0,0,0,26,11,38,60,50,33,0,0,0,0,0,0,0,0,0,0,0,0,11,13,0,0,0,0,0,0,12,0
0,41,12,10,0,26,0,12,0,0,17,17,23,26,15,32,46,38,26,11,0,0,10,0,0,0,0,0,0,0,0,0,12,0
14,0,10,14,0,11,12,0,0,17,0,0,0,0,43,0,0,15,32,27,29,15,29,37,32,21,10,0,0,0,0,0,0,0
20,17,0,0,0,38,0,0,0,0,10,0,0,0,10,0,12,13,0,0,0,11,37,12,10,0,21,32,12,41,62,53,32,11
17,0,12,0,0,60,0,17,0,0,0,10,0,0,0,0,0,0,0,0,0,0,0,12,0,10,10,0,0,0,61,15,0,14
33,0,12,0,0,50,17,0,10,0,0,0,31,53,46,27,0,0,0,0,0,15,0,0,0,0,0,0,11,20,24,11,0,0
22,0,0,12,0,33,17,0,0,10,0,0,0,0,23,62,24,20,12,0,27,49,40,15,0,0,0,0,0,0,0,0,0,0
15,0,0,14,0,0,23,0,0,0,31,0,0,0,22,15,0,11,10,0,0,0,0,0,51,14,0,12,17,41,31,0,0,0
31,0,39,0,10,0,26,0,0,0,53,0,0,0,0,15,23,0,31,20,15,31,27,31,30,25,0,0,0,0,0,0,27,32
44,13,16,10,0,0,15,43,10,0,46,23,22,0,0,0,29,67,50,0,0,11,11,18,16,27,0,20,17,0,15,12,18,24
37,0,11,12,0,0,32,0,0,0,27,62,15,15,0,0,11,0,0,0,0,0,29,61,27,25,61,59,28,0,0,0,22,21
22,22,0,0,0,0,46,0,12,0,0,24,0,23,29,11,0,0,23,20,17,12,0,13,12,26,0,0,0,0,0,0,13,70
11,10,14,0,0,0,38,15,13,0,0,20,11,0,67,0,0,0,82,52,0,27,28,27,34,36,40,0,28,37,17,21,21,25
0,0,12,0,0,0,26,32,0,0,0,12,10,31,50,0,23,82,0,51,0,0,19,0,0,0,38,59,20,0,54,87,57,49
0,22,15,0,13,0,11,27,0,0,0,0,0,20,0,0,20,52,51,0,62,56,0,34,58,32,23,33,30,54,69,11,0,31
0,40,20,22,14,0,0,29,0,0,0,27,0,15,0,0,17,0,0,62,0,0,0,58,0,0,78,101,66,44,56,70,58,0
11,30,21,0,11,0,0,15,11,0,15,49,0,31,11,0,12,27,0,56,0,0,55,32,20,28,24,45,65,0,0,31,0,0
0,21,24,10,11,0,10,29,37,0,0,40,0,27,11,29,0,28,19,0,0,55,0,48,13,13,85,47,39,58,57,50,0,27
0,0,20,15,16,0,0,37,12,12,0,15,0,31,18,61,13,27,0,34,58,32,48,0,28,16,13,13,28,45,0,0,23,0
0,0,16,0,0,11,0,32,10,0,0,0,51,30,16,27,12,34,0,58,0,20,13,28,0,0,30,84,17,15,21,35,22,25
17,0,16,18,0,13,0,21,0,10,0,0,14,25,27,25,26,36,0,32,0,28,13,16,0,0,17,13,17,17,0,0,0,16
12,0,16,23,0,0,0,10,21,10,0,0,0,0,0,61,0,40,38,23,78,24,85,13,30,17,0,0,12,0,0,0,0,95
0,0,12,21,48,0,0,0,32,0,0,0,12,0,20,59,0,0,59,33,101,45,47,13,84,13,0,0,0,0,0,0,0,0
0,0,14,29,0,0,0,0,12,0,11,0,17,0,17,28,0,28,20,30,66,65,39,28,17,17,12,0,0,0,14,0,0,0
0,0,10,27,0,0,0,0,41,0,20,0,41,0,0,0,0,37,0,54,44,0,58,45,15,17,0,0,0,0,0,0,0,0
11,0,0,11,0,0,0,0,62,61,24,0,31,0,15,0,0,17,54,69,56,0,57,0,21,0,0,0,14,0,0,0,0,59
19,0,0,33,0,0,0,0,53,15,11,0,0,0,12,0,0,21,87,11,70,31,50,0,35,0,0,0,0,0,0,0,0,0
0,0,0,50,19,12,12,0,32,0,0,0,0,27,18,22,13,21,57,0,58,0,0,23,22,0,0,0,0,0,0,0,0,0
0,0,0,39,12,0,0,0,11,14,0,0,0,32,24,21,70,25,49,31,0,0,27,0,25,16,95,0,0,0,59,0,0,0
