0,10,0,0,0,0,0,0,11,0,0,0,37,0,0,43,25,33,27,13,0,23,17,0,0,12,0,12,0,0,0,16,0,20
10,0,0,0,0,0,0,0,0,0,0,0,27,0,0,35,16,32,19,0,0,16,0,0,0,0,0,0,0,0,0,0,0,11
0,0,0,0,0,0,0,0,0,0,0,0,23,0,0,27,14,21,18,0,0,10,0,0,0,0,0,0,0,0,0,0,0,0
0,0,0,0,11,0,0,0,0,0,0,0,19,0,0,21,0,23,12,0,0,10,0,0,0,0,0,0,0,0,0,0,0,0
0,0,0,11,0,0,0,0,13,0,0,0,19,0,0,17,0,21,15,0,0,16,0,0,0,0,0,0,0,0,0,0,0,0
0,0,0,0,0,0,0,0,10,0,0,0,19,0,0,20,0,21,18,0,0,13,0,10,0,0,0,0,0,0,0,0,0,0
0,0,0,0,0,0,0,0,0,0,0,0,0,0,0,0,0,0,10,0,0,11,0,0,0,0,0,0,10,0,0,0,0,0
0,0,0,0,0,0,0,0,0,0,0,0,10,0,0,11,0,15,0,0,0,0,0,0,0,0,0,0,0,0,0,0,0,0
11,0,0,0,13,10,0,0,0,0,0,0,0,0,0,10,0,22,0,0,0,0,0,0,0,10,0,0,0,0,0,11,0,0
0,0,0,0,0,0,0,0,0,0,0,0,0,0,0,0,0,0,0,0,0,0,0,0,0,0,0,0,0,10,0,0,0,0
0,0,0,0,0,0,0,0,0,0,0,0,10,26,32,28,26,22,10,0,0,0,0,0,0,0,0,0,0,0,0,0,0,34
0,0,0,0,0,0,0,0,0,0,0,0,20,0,0,0,0,0,0,0,0,11,0,0,0,0,0,0,0,0,0,0,0,0
37,27,23,19,19,19,0,10,0,0,10,20,0,53,66,41,50,55,0,19,0,0,0,0,19,20,26,27,32,39,25,0,13,51
0,0,0,0,0,0,0,0,0,0,26,0,53,0,17,21,0,12,13,0,0,14,0,0,0,0,0,10,11,12,0,0,0,0
0,0,0,0,0,0,0,0,0,0,32,0,66,17,0,94,41,48,29,0,0,19,0,0,0,0,0,10,0,0,0,0,10,31
43,35,27,21,17,20,0,11,10,0,28,0,41,21,94,0,50,0,0,0,10,23,15,21,27,21,28,42,41,55,22,14,0,67
25,16,14,0,0,0,0,0,0,0,26,0,50,0,41,50,0,16,19,0,0,18,0,15,16,0,13,26,25,33,0,0,0,0
33,32,21,23,21,21,0,15,22,0,22,0,55,12,48,0,16,0,31,12,11,36,25,18,27,27,30,37,35,45,23,25,12,13
27,19,18,12,15,18,10,0,0,0,10,0,0,13,29,0,19,31,0,25,0,12,0,0,20,19,21,24,26,31,16,13,10,15
13,0,0,0,0,0,0,0,0,0,0,0,19,0,0,0,0,12,25,0,0,0,0,0,15,0,10,16,12,11,0,0,0,0
0,0,0,0,0,0,0,0,0,0,0,0,0,0,0,10,0,11,0,0,0,0,0,0,0,0,0,11,11,0,0,11,15,0
23,16,10,10,16,13,11,0,0,0,0,11,0,14,19,23,18,36,12,0,0,0,0,0,13,12,17,15,17,23,15,10,14,17
17,0,0,0,0,0,0,0,0,0,0,0,0,0,0,15,0,25,0,0,0,0,0,0,0,0,0,0,0,12,0,0,0,0
0,0,0,0,0,10,0,0,0,0,0,0,0,0,0,21,15,18,0,0,0,0,0,0,0,0,0,0,0,0,0,0,0,0
0,0,0,0,0,0,0,0,0,0,0,0,19,0,0,27,16,27,20,15,0,13,0,0,0,0,10,0,10,0,0,0,0,11
12,0,0,0,0,0,0,0,10,0,0,0,20,0,0,21,0,27,19,0,0,12,0,0,0,0,0,0,0,0,10,0,0,0
0,0,0,0,0,0,0,0,0,0,0,0,26,0,0,28,13,30,21,10,0,17,0,0,10,0,0,0,0,0,0,0,0,0
12,0,0,0,0,0,0,0,0,0,0,0,27,10,10,42,26,37,24,16,11,15,0,0,0,0,0,0,0,14,0,0,0,23
0,0,0,0,0,0,10,0,0,0,0,0,32,11,0,41,25,35,26,12,11,17,0,0,10,0,0,0,0,0,0,0,0,17
0,0,0,0,0,0,0,0,0,10,0,0,39,12,0,55,33,45,31,11,0,23,12,0,0,0,0,14,0,0,0,10,0,25
0,0,0,0,0,0,0,0,0,0,0,0,25,0,0,22,0,23,16,0,0,15,0,0,0,10,0,0,0,0,0,13,0,0
16,0,0,0,0,0,0,0,11,0,0,0,0,0,0,14,0,25,13,0,11,10,0,0,0,0,0,0,0,10,13,0,18,0
0,0,0,0,0,0,0,0,0,0,0,0,13,0,10,0,0,12,10,0,15,14,0,0,0,0,0,0,0,0,0,18,0,0
20,11,0,0,0,0,0,0,0,0,34,0,51,0,31,67,0,13,15,0,0,17,0,0,11,0,0,23,17,25,0,0,0,0
