0,0,18,0,0,13,12,0,0,0,0,0,0,0,0,0,0,0,0,0,0,0,0,0,0,0,0,0,0,0,0,0,0,0
0,0,0,0,10,0,14,0,0,0,11,0,0,0,0,0,0,0,0,0,0,0,0,0,10,0,0,0,0,0,0,0,10,0
18,0,0,14,16,0,11,13,0,0,0,0,0,0,0,0,0,0,0,0,0,0,0,0,0,10,11,10,10,11,13,12,13,13
0,0,14,0,0,0,14,0,0,11,10,0,0,0,0,0,0,0,0,0,0,0,0,0,0,0,0,0,0,0,0,0,0,0
0,10,16,0,0,13,13,0,0,0,0,0,0,0,0,0,0,10,10,0,0,14,0,0,0,11,0,0,0,0,12,0,0,0
13,0,0,0,13,0,11,10,0,0,0,0,0,0,0,10,0,0,0,0,0,0,0,0,0,0,0,0,0,10,12,12,10,0
12,14,11,14,13,11,0,13,18,15,12,11,11,0,0,0,0,0,0,0,0,17,0,0,10,14,14,12,12,11,18,12,12,0
0,0,13,0,0,10,13,0,0,0,0,0,0,0,0,0,0,0,0,0,0,11,0,0,0,0,0,0,0,0,0,0,0,0
0,0,0,0,0,0,18,0,0,10,0,0,13,0,0,0,0,0,0,0,0,12,0,0,0,0,0,0,0,0,0,0,0,0
0,0,0,11,0,0,15,0,10,0,0,0,22,0,0,19,23,14,19,11,0,18,0,0,0,0,0,0,0,0,10,0,0,11
0,11,0,10,0,0,12,0,0,0,0,13,29,57,81,108,110,72,41,32,13,0,0,0,0,0,0,0,0,0,0,0,0,81
0,0,0,0,0,0,11,0,0,0,13,0,17,0,0,32,24,12,13,0,0,11,0,0,0,0,0,0,0,0,0,0,0,15
0,0,0,0,0,0,11,0,13,22,29,17,0,12,0,0,0,0,0,0,0,0,0,0,0,0,0,0,0,0,0,0,0,0
0,0,0,0,0,0,0,0,0,0,57,0,12,0,0,96,55,24,23,0,0,0,0,0,0,0,11,0,0,0,0,0,0,25
0,0,0,0,0,0,0,0,0,0,81,0,0,0,0,157,74,17,11,0,0,0,0,0,0,0,0,0,0,0,0,0,0,48
0,0,0,0,0,10,0,0,0,19,108,32,0,96,157,0,60,35,0,52,0,0,0,0,0,0,0,0,0,0,0,0,0,33
0,0,0,0,0,0,0,0,0,23,110,24,0,55,74,60,0,12,0,51,10,0,0,0,0,0,0,0,0,0,0,0,0,0
0,0,0,0,10,0,0,0,0,14,72,12,0,24,17,35,12,0,0,24,0,0,0,0,0,0,0,0,0,0,0,10,10,0
0,0,0,0,10,0,0,0,0,19,41,13,0,23,11,0,0,0,0,13,0,0,0,0,0,0,0,0,0,0,0,0,0,0
0,0,0,0,0,0,0,0,0,11,32,0,0,0,0,52,51,24,13,0,0,0,0,12,0,0,0,0,0,0,0,0,0,29
0,0,0,0,0,0,0,0,0,0,13,0,0,0,0,0,10,0,0,0,0,0,0,0,0,0,0,0,0,10,0,0,0,0
0,0,0,0,14,0,17,11,12,18,0,11,0,0,0,0,0,0,0,0,0,0,11,0,0,0,0,0,0,0,10,0,0,0
0,0,0,0,0,0,0,0,0,0,0,0,0,0,0,0,0,0,0,0,0,11,0,0,0,0,0,0,0,0,0,0,0,0
0,0,0,0,0,0,0,0,0,0,0,0,0,0,0,0,0,0,0,12,0,0,0,0,0,0,0,0,0,0,0,0,0,0
0,10,0,0,0,0,10,0,0,0,0,0,0,0,0,0,0,0,0,0,0,0,0,0,0,0,0,0,0,0,0,0,0,0
0,0,10,0,11,0,14,0,0,0,0,0,0,0,0,0,0,0,0,0,0,0,0,0,0,0,0,0,0,0,0,0,10,0
0,0,11,0,0,0,14,0,0,0,0,0,0,11,0,0,0,0,0,0,0,0,0,0,0,0,0,0,0,0,0,0,0,0
0,0,10,0,0,0,12,0,0,0,0,0,0,0,0,0,0,0,0,0,0,0,0,0,0,0,0,0,0,0,0,0,0,0
0,0,10,0,0,0,12,0,0,0,0,0,0,0,0,0,0,0,0,0,0,0,0,0,0,0,0,0,0,0,0,0,0,0
0,0,11,0,0,10,11,0,0,0,0,0,0,0,0,0,0,0,0,0,10,0,0,0,0,0,0,0,0,0,0,0,0,0
0,0,13,0,12,12,18,0,0,10,0,0,0,0,0,0,0,0,0,0,0,10,0,0,0,0,0,0,0,0,0,0,0,0
0,0,12,0,0,12,12,0,0,0,0,0,0,0,0,0,0,10,0,0,0,0,0,0,0,0,0,0,0,0,0,0,0,0
0,10,13,0,0,10,12,0,0,0,0,0,0,0,0,0,0,10,0,0,0,0,0,0,0,10,0,0,0,0,0,0,0,0
0,0,13,0,0,0,0,0,0,11,81,15,0,25,48,33,0,0,0,29,0,0,0,0,0,0,0,0,0,0,0,0,0,0
