0,0,0,17,14,0,10,0,0,10,10,0,0,0,0,0,0,0,0,0,0,0,0,0,0,0,0,0,0,0,0,0,0,0
0,0,15,26,23,0,19,0,0,0,0,0,0,0,0,0,0,0,0,0,0,0,0,18,11,0,10,23,0,22,0,0,10,0
0,15,0,49,45,19,10,20,0,0,0,0,0,0,0,0,0,0,0,0,0,0,0,0,0,20,12,12,0,10,33,14,32,0
17,26,49,0,0,18,62,0,0,16,0,0,0,0,0,0,0,0,11,0,24,0,0,44,40,0,0,47,37,38,0,0,0,0
14,23,45,0,0,34,65,16,10,30,0,0,0,0,0,0,0,0,10,0,29,0,13,47,44,0,22,45,45,34,19,0,0,0
0,0,19,18,34,0,55,25,0,14,0,12,0,0,0,0,0,0,0,0,0,0,0,21,17,12,0,25,0,13,17,0,24,0
10,19,10,62,65,55,0,53,25,26,0,17,15,0,0,0,0,0,0,0,0,16,15,13,14,42,26,13,13,0,47,35,54,0
0,0,20,0,16,25,53,0,0,27,0,0,0,0,0,0,0,0,0,0,14,0,0,31,23,12,0,24,16,11,12,0,11,0
0,0,0,0,10,0,25,0,0,24,0,0,0,0,0,0,0,0,0,0,0,0,0,19,0,10,0,11,0,0,10,0,0,0
10,0,0,16,30,14,26,27,24,0,0,12,0,0,0,0,0,0,0,0,0,0,0,20,13,22,0,10,0,0,18,15,23,0
10,0,0,0,0,0,0,0,0,0,0,0,11,0,0,0,0,0,10,0,0,0,0,14,11,0,0,0,0,0,0,0,0,0
0,0,0,0,0,12,17,0,0,12,0,0,0,0,0,0,0,0,12,0,11,0,0,15,0,0,0,0,0,0,10,0,0,0
0,0,0,0,0,0,15,0,0,0,11,0,0,12,0,0,0,0,0,0,11,0,0,13,0,0,0,0,0,0,0,0,0,0
0,0,0,0,0,0,0,0,0,0,0,0,12,0,0,0,31,23,19,11,14,11,0,10,0,0,0,0,0,0,0,0,0,0
0,0,0,0,0,0,0,0,0,0,0,0,0,0,0,0,50,22,10,0,0,0,0,0,0,0,0,0,0,0,0,0,0,15
0,0,0,0,0,0,0,0,0,0,0,0,0,0,0,0,65,16,0,0,0,0,0,0,0,0,0,0,0,0,0,0,0,14
0,0,0,0,0,0,0,0,0,0,0,0,0,31,50,65,0,0,0,0,0,0,0,0,0,0,0,0,0,0,0,0,0,0
0,0,0,0,0,0,0,0,0,0,0,0,0,23,22,16,0,0,0,0,0,0,0,0,0,0,0,0,0,0,0,0,0,0
0,0,0,11,10,0,0,0,0,0,10,12,0,19,10,0,0,0,0,0,0,11,0,0,0,0,0,0,0,0,14,0,10,0
0,0,0,0,0,0,0,0,0,0,0,0,0,11,0,0,0,0,0,0,0,0,0,0,0,0,0,0,0,0,11,0,0,0
0,0,0,24,29,0,0,14,0,0,0,11,11,14,0,0,0,0,0,0,0,14,22,0,0,40,34,0,13,0,35,20,30,0
0,0,0,0,0,0,16,0,0,0,0,0,0,11,0,0,0,0,11,0,14,0,0,17,0,0,0,0,0,0,11,0,0,0
0,0,0,0,13,0,15,0,0,0,0,0,0,0,0,0,0,0,0,0,22,0,0,26,0,21,14,0,0,0,20,0,14,0
0,18,0,44,47,21,13,31,19,20,14,15,13,10,0,0,0,0,0,0,0,17,26,0,24,51,47,0,24,0,51,35,48,0
0,11,0,40,44,17,14,23,0,13,11,0,0,0,0,0,0,0,0,0,0,0,0,24,0,40,37,11,14,0,46,21,42,0
0,0,20,0,0,12,42,12,10,22,0,0,0,0,0,0,0,0,0,0,40,0,21,51,40,0,11,36,28,17,0,0,0,0
0,10,12,0,22,0,26,0,0,0,0,0,0,0,0,0,0,0,0,0,34,0,14,47,37,11,0,45,24,19,0,0,14,0
0,23,12,47,45,25,13,24,11,10,0,0,0,0,0,0,0,0,0,0,0,0,0,0,11,36,45,0,20,0,48,24,43,0
0,0,0,37,45,0,13,16,0,0,0,0,0,0,0,0,0,0,0,0,13,0,0,24,14,28,24,20,0,0,42,20,36,0
0,22,10,38,34,13,0,11,0,0,0,0,0,0,0,0,0,0,0,0,0,0,0,0,0,17,19,0,0,0,31,11,24,0
0,0,33,0,19,17,47,12,10,18,0,10,0,0,0,0,0,0,14,11,35,11,20,51,46,0,0,48,42,31,0,11,0,0
0,0,14,0,0,0,35,0,0,15,0,0,0,0,0,0,0,0,0,0,20,0,0,35,21,0,0,24,20,11,11,0,0,0
0,10,32,0,0,24,54,11,0,23,0,0,0,0,0,0,0,0,10,0,30,0,14,48,42,0,14,43,36,24,0,0,0,0
0,0,0,0,0,0,0,0,0,0,0,0,0,0,15,14,0,0,0,0,0,0,0,0,0,0,0,0,0,0,0,0,0,0
