0,38,0,42,32,0,0,28,22,21,12,21,0,0,0,10,11,0,0,0,0,0,0,0,0,17,0,0,0,0,29,22,25,0
38,0,22,33,24,0,0,19,14,11,0,13,0,0,0,0,0,0,0,0,0,0,0,10,0,0,0,12,0,16,10,15,17,0
0,22,0,25,17,0,0,18,0,26,27,20,0,0,0,0,0,0,0,0,0,0,0,0,0,0,0,10,0,0,15,0,13,0
42,33,25,0,0,0,13,0,0,10,10,11,0,0,0,0,0,0,10,0,0,0,0,0,0,0,0,23,15,31,0,0,0,0
32,24,17,0,0,0,15,10,0,0,0,0,0,0,0,0,0,10,12,0,0,0,0,0,14,0,24,26,29,39,12,0,0,0
0,0,0,0,0,0,16,16,0,28,26,23,10,10,12,0,0,0,0,15,0,0,0,0,0,0,0,18,10,12,0,0,0,0
0,0,0,13,15,16,0,26,13,56,43,42,0,31,24,10,0,0,0,16,0,0,0,0,0,0,0,0,0,0,11,0,11,0
28,19,18,0,10,16,26,0,0,0,0,18,11,0,0,0,0,0,11,10,0,0,0,14,0,0,10,14,16,26,0,0,0,0
22,14,0,0,0,0,13,0,0,0,0,0,0,0,0,0,0,0,12,0,0,0,0,17,0,0,0,0,12,20,0,14,0,0
21,11,26,10,0,28,56,0,0,0,15,53,18,52,45,47,44,39,16,0,0,0,0,10,0,0,0,0,11,18,0,0,0,17
12,0,27,10,0,26,43,0,0,15,0,22,39,82,68,91,74,77,34,0,14,0,0,0,0,0,0,0,0,10,0,0,0,26
21,13,20,11,0,23,42,18,0,53,22,0,41,22,19,49,50,57,20,13,15,0,0,12,0,0,0,0,0,17,0,0,0,0
0,0,0,0,0,10,0,11,0,18,39,41,0,60,35,15,17,15,0,0,0,0,0,0,0,0,0,0,0,0,0,0,0,0
0,0,0,0,0,10,31,0,0,52,82,22,60,0,0,82,67,85,26,15,12,0,11,16,12,11,10,11,0,0,0,11,10,0
0,0,0,0,0,12,24,0,0,45,68,19,35,0,0,103,50,51,0,0,0,0,0,0,0,0,0,0,0,0,0,0,0,0
10,0,0,0,0,0,10,0,0,47,91,49,15,82,103,0,0,0,0,0,0,0,0,0,0,0,0,0,0,0,0,0,0,0
11,0,0,0,0,0,0,0,0,44,74,50,17,67,50,0,0,13,10,0,0,0,0,0,0,0,0,0,0,0,0,0,0,0
0,0,0,0,10,0,0,0,0,39,77,57,15,85,51,0,13,0,0,0,0,0,0,0,0,0,0,0,0,0,0,0,0,0
0,0,0,10,12,0,0,11,12,16,34,20,0,26,0,0,10,0,0,0,0,10,13,15,10,11,0,10,0,0,10,0,12,0
0,0,0,0,0,15,16,10,0,0,0,13,0,15,0,0,0,0,0,0,0,0,0,0,0,0,0,0,0,0,0,0,0,0
0,0,0,0,0,0,0,0,0,0,14,15,0,12,0,0,0,0,0,0,0,0,11,14,0,11,0,0,0,0,10,0,11,0
0,0,0,0,0,0,0,0,0,0,0,0,0,0,0,0,0,0,10,0,0,0,0,16,0,0,0,0,0,12,0,0,0,0
0,0,0,0,0,0,0,0,0,0,0,0,0,11,0,0,0,0,13,0,11,0,0,18,0,0,0,0,0,11,0,0,0,0
0,10,0,0,0,0,0,14,17,10,0,12,0,16,0,0,0,0,15,0,14,16,18,0,13,12,0,0,0,0,0,11,11,0
0,0,0,0,14,0,0,0,0,0,0,0,0,12,0,0,0,0,10,0,0,0,0,13,0,12,0,0,0,0,0,0,10,0
17,0,0,0,0,0,0,0,0,0,0,0,0,11,0,0,0,0,11,0,11,0,0,12,12,0,21,22,24,26,0,0,0,0
0,0,0,0,24,0,0,10,0,0,0,0,0,10,0,0,0,0,0,0,0,0,0,0,0,21,0,21,0,17,22,14,24,0
0,12,10,23,26,18,0,14,0,0,0,0,0,11,0,0,0,0,10,0,0,0,0,0,0,22,21,0,23,12,31,12,22,0
0,0,0,15,29,10,0,16,12,11,0,0,0,0,0,0,0,0,0,0,0,0,0,0,0,24,0,23,0,18,36,19,30,0
0,16,0,31,39,12,0,26,20,18,10,17,0,0,0,0,0,0,0,0,0,12,11,0,0,26,17,12,18,0,43,25,34,0
29,10,15,0,12,0,11,0,0,0,0,0,0,0,0,0,0,0,10,0,10,0,0,0,0,0,22,31,36,43,0,0,10,0
22,15,0,0,0,0,0,0,14,0,0,0,0,11,0,0,0,0,0,0,0,0,0,11,0,0,14,12,19,25,0,0,0,0
25,17,13,0,0,0,11,0,0,0,0,0,0,10,0,0,0,0,12,0,11,0,0,11,10,0,24,22,30,34,10,0,0,0
0,0,0,0,0,0,0,0,0,17,26,0,0,0,0,0,0,0,0,0,0,0,0,0,0,0,0,0,0,0,0,0,0,0
