0,15,13,0,11,0,0,0,0,11,0,0,22,0,0,39,25,31,20,0,14,16,0,0,0,0,0,0,0,0,14,0,0,20
15,0,0,0,0,0,0,0,12,0,0,0,35,10,0,43,28,37,32,0,16,27,0,0,0,0,0,0,12,11,0,0,0,18
13,0,0,0,0,12,0,0,12,0,0,0,28,0,0,33,19,23,22,0,17,23,15,0,15,0,0,13,0,0,0,10,0,0
0,0,0,0,0,0,0,0,14,0,0,0,34,13,0,38,28,36,35,10,11,33,10,0,0,0,0,0,0,0,0,12,0,14
11,0,0,0,0,0,0,0,13,0,0,0,21,0,0,27,21,25,34,0,0,32,10,0,0,0,0,0,0,0,0,13,0,13
0,0,12,0,0,0,0,0,10,0,0,0,17,0,0,19,13,17,13,0,11,17,0,0,10,0,0,0,0,0,0,0,0,0
0,0,0,0,0,0,0,0,0,0,0,0,0,0,0,0,0,0,0,0,10,13,0,0,12,0,0,0,0,0,11,16,14,0
0,0,0,0,0,0,0,0,0,12,0,0,13,0,0,14,15,12,17,0,0,11,0,0,0,0,0,0,0,0,0,0,0,11
0,12,12,14,13,10,0,0,0,0,0,21,16,21,32,23,30,23,16,0,0,0,0,0,0,0,0,0,0,0,11,0,0,29
11,0,0,0,0,0,0,12,0,0,0,15,14,0,0,0,0,0,0,0,0,0,0,0,0,0,10,0,0,0,0,0,0,0
0,0,0,0,0,0,0,0,0,0,0,52,44,61,62,74,47,45,13,0,0,11,0,0,0,0,0,0,0,0,0,0,0,58
0,0,0,0,0,0,0,0,21,15,52,0,46,0,17,0,0,0,0,0,0,23,0,0,0,0,0,0,0,0,0,12,0,0
22,35,28,34,21,17,0,13,16,14,44,46,0,77,93,46,78,51,17,31,0,20,20,0,21,17,17,15,26,38,23,18,20,69
0,10,0,13,0,0,0,0,21,0,61,0,77,0,23,47,0,18,25,10,14,39,12,11,0,0,0,0,13,15,0,17,0,0
0,0,0,0,0,0,0,0,32,0,62,17,93,23,0,159,21,53,44,0,23,45,18,0,11,0,0,0,16,15,0,12,0,36
39,43,33,38,27,19,0,14,23,0,74,0,46,47,159,0,92,16,22,22,22,46,40,29,38,31,35,35,56,67,29,28,27,102
25,28,19,28,21,13,0,15,30,0,47,0,78,0,21,92,0,39,36,10,18,51,34,17,24,25,18,24,37,40,21,30,22,0
31,37,23,36,25,17,0,12,23,0,45,0,51,18,53,16,39,0,14,19,15,43,29,22,23,26,25,23,42,50,26,27,24,15
20,32,22,35,34,13,0,17,16,0,13,0,17,25,44,22,36,14,0,31,0,40,32,13,20,30,19,15,29,37,30,33,30,31
0,0,0,10,0,0,0,0,0,0,0,0,31,10,0,22,10,19,31,0,13,19,14,11,0,0,0,0,0,0,0,13,11,0
14,16,17,11,0,11,10,0,0,0,0,0,0,14,23,22,18,15,0,13,0,0,0,0,0,0,11,0,0,11,10,0,0,25
16,27,23,33,32,17,13,11,0,0,11,23,20,39,45,46,51,43,40,19,0,0,15,0,14,16,12,0,19,26,24,12,19,49
0,0,15,10,10,0,0,0,0,0,0,0,20,12,18,40,34,29,32,14,0,15,0,0,0,0,13,0,16,13,12,0,0,28
0,0,0,0,0,0,0,0,0,0,0,0,0,11,0,29,17,22,13,11,0,0,0,0,0,0,0,0,0,0,0,0,0,20
0,0,15,0,0,10,12,0,0,0,0,0,21,0,11,38,24,23,20,0,0,14,0,0,0,0,0,0,0,0,0,0,0,27
0,0,0,0,0,0,0,0,0,0,0,0,17,0,0,31,25,26,30,0,0,16,0,0,0,0,0,0,0,0,14,0,11,16
0,0,0,0,0,0,0,0,0,10,0,0,17,0,0,35,18,25,19,0,11,12,13,0,0,0,0,0,12,0,0,0,0,14
0,0,13,0,0,0,0,0,0,0,0,0,15,0,0,35,24,23,15,0,0,0,0,0,0,0,0,0,0,0,0,0,0,12
0,12,0,0,0,0,0,0,0,0,0,0,26,13,16,56,37,42,29,0,0,19,16,0,0,0,12,0,0,17,0,0,0,35
0,11,0,0,0,0,0,0,0,0,0,0,38,15,15,67,40,50,37,0,11,26,13,0,0,0,0,0,17,0,0,0,0,34
14,0,0,0,0,0,11,0,11,0,0,0,23,0,0,29,21,26,30,0,10,24,12,0,0,14,0,0,0,0,0,13,13,0
0,0,10,12,13,0,16,0,0,0,0,12,18,17,12,28,30,27,33,13,0,12,0,0,0,0,0,0,0,0,13,0,0,21
0,0,0,0,0,0,14,0,0,0,0,0,20,0,0,27,22,24,30,11,0,19,0,0,0,11,0,0,0,0,13,0,0,11
20,18,0,14,13,0,0,11,29,0,58,0,69,0,36,102,0,15,31,0,25,49,28,20,27,16,14,12,35,34,0,21,11,0
