0,22,15,0,0,15,0,0,0,0,0,0,0,0,0,14,10,12,0,0,0,0,0,15,14,0,0,0,0,10,0,0,0,0
22,0,11,13,0,0,0,10,0,10,0,0,0,0,0,0,0,0,0,0,0,0,0,0,0,0,11,0,0,0,0,0,0,0
15,11,0,0,0,0,0,0,0,0,0,0,0,0,0,0,0,0,0,0,0,0,0,0,0,0,0,0,0,0,0,0,0,0
0,13,0,0,0,0,0,0,0,0,0,0,0,0,0,0,0,0,0,0,0,0,0,0,0,0,0,0,0,0,0,0,0,0
0,0,0,0,0,0,0,0,0,0,10,0,0,0,0,0,0,0,0,0,0,0,0,0,0,0,0,0,0,0,0,0,0,0
15,0,0,0,0,0,10,10,0,16,13,0,0,0,0,0,0,0,0,0,0,0,0,11,0,0,0,0,0,0,0,0,10,0
0,0,0,0,0,10,0,0,0,0,0,0,0,0,0,0,0,0,0,0,0,0,10,11,10,0,0,0,0,0,0,0,0,0
0,10,0,0,0,10,0,0,0,0,0,0,0,0,0,0,0,10,0,0,0,0,0,0,0,0,0,0,12,0,0,0,0,0
0,0,0,0,0,0,0,0,0,0,0,0,0,0,12,14,0,11,0,0,0,0,0,0,0,0,0,0,0,0,0,0,0,0
0,10,0,0,0,16,0,0,0,0,0,0,0,0,12,10,0,15,11,0,0,0,11,18,10,0,12,15,16,10,0,0,0,12
0,0,0,0,10,13,0,0,0,0,0,12,18,26,23,31,25,30,20,0,0,0,12,0,15,10,13,10,11,0,12,0,11,14
0,0,0,0,0,0,0,0,0,0,12,0,0,0,10,31,14,14,0,0,0,0,0,0,0,0,0,0,0,0,0,0,0,10
0,0,0,0,0,0,0,0,0,0,18,0,0,0,0,20,0,0,13,10,0,0,0,0,0,0,0,0,0,0,0,0,0,0
0,0,0,0,0,0,0,0,0,0,26,0,0,0,0,62,0,0,12,16,10,0,0,0,0,0,0,0,0,0,0,0,0,0
0,0,0,0,0,0,0,0,12,12,23,10,0,0,0,36,17,24,31,29,14,0,0,0,0,0,0,0,0,0,0,0,0,0
14,0,0,0,0,0,0,0,14,10,31,31,20,62,36,0,94,103,109,89,46,22,0,0,0,0,0,0,0,0,0,0,0,16
10,0,0,0,0,0,0,0,0,0,25,14,0,0,17,94,0,16,45,72,28,11,0,14,0,16,11,0,0,0,13,0,12,0
12,0,0,0,0,0,0,10,11,15,30,14,0,0,24,103,16,0,44,55,33,11,11,11,0,15,0,0,0,0,10,14,13,25
0,0,0,0,0,0,0,0,0,11,20,0,13,12,31,109,45,44,0,15,15,0,0,0,0,10,0,0,0,0,0,0,0,30
0,0,0,0,0,0,0,0,0,0,0,0,10,16,29,89,72,55,15,0,0,0,0,0,0,0,0,0,0,0,0,0,0,31
0,0,0,0,0,0,0,0,0,0,0,0,0,10,14,46,28,33,15,0,0,0,0,0,0,0,0,11,0,0,0,0,0,14
0,0,0,0,0,0,0,0,0,0,0,0,0,0,0,22,11,11,0,0,0,0,11,0,0,16,11,0,0,0,0,0,10,0
0,0,0,0,0,0,10,0,0,11,12,0,0,0,0,0,0,11,0,0,0,11,0,0,0,0,0,14,0,0,0,0,0,0
15,0,0,0,0,11,11,0,0,18,0,0,0,0,0,0,14,11,0,0,0,0,0,0,0,0,10,0,0,12,10,0,0,0
14,0,0,0,0,0,10,0,0,10,15,0,0,0,0,0,0,0,0,0,0,0,0,0,0,0,14,13,0,12,0,0,0,0
0,0,0,0,0,0,0,0,0,0,10,0,0,0,0,0,16,15,10,0,0,16,0,0,0,0,0,0,0,0,0,0,0,0
0,11,0,0,0,0,0,0,0,12,13,0,0,0,0,0,11,0,0,0,0,11,0,10,14,0,0,0,0,0,0,0,0,0
0,0,0,0,0,0,0,0,0,15,10,0,0,0,0,0,0,0,0,0,11,0,14,0,13,0,0,0,0,0,0,0,0,0
0,0,0,0,0,0,0,12,0,16,11,0,0,0,0,0,0,0,0,0,0,0,0,0,0,0,0,0,0,0,0,0,0,0
10,0,0,0,0,0,0,0,0,10,0,0,0,0,0,0,0,0,0,0,0,0,0,12,12,0,0,0,0,0,12,0,0,0
0,0,0,0,0,0,0,0,0,0,12,0,0,0,0,0,13,10,0,0,0,0,0,10,0,0,0,0,0,12,0,0,0,0
0,0,0,0,0,0,0,0,0,0,0,0,0,0,0,0,0,14,0,0,0,0,0,0,0,0,0,0,0,0,0,0,0,0
0,0,0,0,0,10,0,0,0,0,11,0,0,0,0,0,12,13,0,0,0,10,0,0,0,0,0,0,0,0,0,0,0,0
0,0,0,0,0,0,0,0,0,12,14,10,0,0,0,16,0,25,30,31,14,0,0,0,0,0,0,0,0,0,0,0,0,0
