0,63,0,0,0,0,0,0,0,0,0,0,0,11,17,20,11,0,0,11,0,0,0,0,0,0,21,12,64,29,0,0,0,16
63,0,0,0,0,0,0,0,0,0,0,0,0,15,27,37,22,11,0,0,0,0,0,0,0,0,0,26,13,44,0,0,0,32
0,0,0,0,0,0,0,0,0,0,0,0,0,0,0,13,0,0,0,0,0,0,0,0,0,0,0,0,0,18,0,0,0,10
0,0,0,0,0,0,0,0,0,0,0,0,0,0,10,14,0,0,0,0,0,0,0,0,0,0,0,0,0,0,0,0,0,11
0,0,0,0,0,0,0,0,0,0,0,0,0,0,0,0,0,0,0,0,0,0,0,0,0,0,0,0,0,0,0,0,0,0
0,0,0,0,0,0,0,0,0,0,0,0,0,0,0,0,0,0,0,0,0,0,0,0,0,0,0,0,0,0,0,0,0,0
0,0,0,0,0,0,0,0,0,10,14,0,0,0,0,0,0,0,0,0,0,0,0,0,0,0,0,0,0,0,0,0,0,0
0,0,0,0,0,0,0,0,0,0,0,0,0,0,0,0,0,0,0,0,0,0,0,10,0,0,0,0,0,0,0,0,0,0
0,0,0,0,0,0,0,0,0,11,0,0,0,0,0,0,0,0,0,0,0,0,0,14,0,10,0,0,0,10,0,0,0,0
0,0,0,0,0,0,10,0,11,0,0,0,10,0,0,0,0,0,0,0,0,0,0,0,0,0,0,0,0,0,0,0,0,0
0,0,0,0,0,0,14,0,0,0,0,21,17,46,63,68,32,23,0,13,0,0,0,0,0,0,0,0,0,13,0,0,0,54
0,0,0,0,0,0,0,0,0,0,21,0,0,0,11,25,0,0,0,37,0,0,0,0,0,0,0,0,0,15,0,0,0,16
0,0,0,0,0,0,0,0,0,10,17,0,0,0,0,0,0,0,0,42,0,0,0,0,0,0,11,0,0,0,0,0,0,0
11,15,0,0,0,0,0,0,0,0,46,0,0,0,27,73,0,0,0,56,0,0,0,0,0,0,12,11,13,17,0,0,0,29
17,27,0,10,0,0,0,0,0,0,63,11,0,27,0,63,36,34,15,80,0,0,0,0,0,0,16,12,25,16,0,0,0,15
20,37,13,14,0,0,0,0,0,0,68,25,0,73,63,0,139,86,29,98,0,0,0,0,0,0,22,15,35,15,0,0,0,19
11,22,0,0,0,0,0,0,0,0,32,0,0,0,36,139,0,0,0,75,0,0,0,0,0,0,19,0,21,14,0,0,0,52
0,11,0,0,0,0,0,0,0,0,23,0,0,0,34,86,0,0,0,84,0,0,0,0,0,0,12,0,0,10,0,0,0,43
0,0,0,0,0,0,0,0,0,0,0,0,0,0,15,29,0,0,0,41,0,0,0,0,0,0,0,0,0,10,0,0,0,23
11,0,0,0,0,0,0,0,0,0,13,37,42,56,80,98,75,84,41,0,0,0,0,0,0,0,0,0,0,16,0,0,0,87
0,0,0,0,0,0,0,0,0,0,0,0,0,0,0,0,0,0,0,0,0,0,0,0,0,0,0,0,0,0,0,0,0,0
0,0,0,0,0,0,0,0,0,0,0,0,0,0,0,0,0,0,0,0,0,0,0,12,0,0,0,0,0,0,0,0,0,0
0,0,0,0,0,0,0,0,0,0,0,0,0,0,0,0,0,0,0,0,0,0,0,0,0,10,0,0,0,0,0,0,0,0
0,0,0,0,0,0,0,10,14,0,0,0,0,0,0,0,0,0,0,0,0,12,0,0,0,0,0,0,0,0,0,11,0,0
0,0,0,0,0,0,0,0,0,0,0,0,0,0,0,0,0,0,0,0,0,0,0,0,0,0,0,0,0,0,0,0,0,0
0,0,0,0,0,0,0,0,10,0,0,0,0,0,0,0,0,0,0,0,0,0,10,0,0,0,0,0,0,0,0,0,0,0
21,0,0,0,0,0,0,0,0,0,0,0,11,12,16,22,19,12,0,0,0,0,0,0,0,0,0,0,11,0,0,10,0,20
12,26,0,0,0,0,0,0,0,0,0,0,0,11,12,15,0,0,0,0,0,0,0,0,0,0,0,0,17,14,0,0,0,11
64,13,0,0,0,0,0,0,0,0,0,0,0,13,25,35,21,0,0,0,0,0,0,0,0,0,11,17,0,53,0,0,0,30
29,44,18,0,0,0,0,0,10,0,13,15,0,17,16,15,14,10,10,16,0,0,0,0,0,0,0,14,53,0,0,0,0,15
0,0,0,0,0,0,0,0,0,0,0,0,0,0,0,0,0,0,0,0,0,0,0,0,0,0,0,0,0,0,0,0,0,0
0,0,0,0,0,0,0,0,0,0,0,0,0,0,0,0,0,0,0,0,0,0,0,11,0,0,10,0,0,0,0,0,0,0
0,0,0,0,0,0,0,0,0,0,0,0,0,0,0,0,0,0,0,0,0,0,0,0,0,0,0,0,0,0,0,0,0,0
16,32,10,11,0,0,0,0,0,0,54,16,0,29,15,19,52,43,23,87,0,0,0,0,0,0,20,11,30,15,0,0,0,0
