0,80,30,22,0,12,0,0,0,0,16,12,11,21,28,25,20,16,0,23,0,0,0,0,12,0,28,0,58,31,12,0,0,27
80,0,23,0,0,0,0,0,0,0,0,0,0,17,24,27,17,11,0,0,0,0,0,0,13,0,13,33,0,42,0,0,0,18
30,23,0,0,0,0,0,0,0,0,15,10,10,10,10,0,0,0,0,22,0,0,0,0,0,0,0,0,0,16,0,0,0,0
22,0,0,0,11,0,0,0,0,0,0,0,12,10,11,10,0,0,0,0,0,0,0,0,19,13,0,26,0,11,0,15,13,0
0,0,0,11,0,0,18,0,0,0,0,0,0,0,0,0,0,0,0,0,0,0,0,0,0,0,0,10,0,0,0,10,0,0
12,0,0,0,0,0,0,0,0,0,0,10,12,0,0,0,0,0,0,19,0,10,0,0,0,0,16,12,13,0,0,0,0,0
0,0,0,0,18,0,0,21,21,28,15,21,19,10,0,0,0,12,19,23,13,24,15,0,0,13,0,0,0,0,10,18,16,0
0,0,0,0,0,0,21,0,0,0,0,0,0,0,0,0,0,0,0,0,0,0,0,0,0,0,0,14,0,0,0,0,0,0
0,0,0,0,0,0,21,0,0,10,0,0,12,0,14,17,0,0,0,0,0,0,10,12,0,0,0,10,0,0,0,10,0,21
0,0,0,0,0,0,28,0,10,0,0,23,20,19,26,27,15,14,13,0,0,0,0,0,0,0,0,0,0,0,0,0,0,31
16,0,15,0,0,0,15,0,0,0,0,25,25,48,62,70,37,28,19,11,13,11,0,0,0,0,0,0,0,11,0,0,0,56
12,0,10,0,0,10,21,0,0,23,25,0,22,17,37,55,19,15,10,16,14,0,0,0,0,0,0,12,10,0,0,0,0,47
11,0,10,12,0,12,19,0,12,20,25,22,0,0,17,35,0,0,0,12,0,0,0,0,0,0,0,14,12,0,0,0,0,34
21,17,10,10,0,0,10,0,0,19,48,17,0,0,67,115,0,0,11,48,0,0,0,0,0,0,0,13,15,15,0,0,0,51
28,24,10,11,0,0,0,0,14,26,62,37,17,67,0,64,27,41,30,66,10,12,0,0,0,0,14,19,26,19,0,0,0,0
25,27,0,10,0,0,0,0,17,27,70,55,35,115,64,0,150,106,46,78,11,13,0,0,0,0,13,19,26,16,0,0,0,0
20,17,0,0,0,0,0,0,0,15,37,19,0,0,27,150,0,26,22,64,0,0,0,0,0,0,10,17,16,16,0,0,0,46
16,11,0,0,0,0,12,0,0,14,28,15,0,0,41,106,26,0,18,54,0,0,0,0,0,0,0,14,11,12,0,0,0,66
0,0,0,0,0,0,19,0,0,13,19,10,0,11,30,46,22,18,0,16,0,0,0,11,0,0,0,11,0,0,0,0,0,50
23,0,22,0,0,19,23,0,0,0,11,16,12,48,66,78,64,54,16,0,0,0,0,21,0,0,0,16,0,15,0,0,0,77
0,0,0,0,0,0,13,0,0,0,13,14,0,0,10,11,0,0,0,0,0,0,0,0,0,0,0,0,0,0,0,0,0,13
0,0,0,0,0,10,24,0,0,0,11,0,0,0,12,13,0,0,0,0,0,0,0,0,0,0,0,0,0,0,0,11,10,22
0,0,0,0,0,0,15,0,10,0,0,0,0,0,0,0,0,0,0,0,0,0,0,0,0,0,0,0,0,0,0,0,0,11
0,0,0,0,0,0,0,0,12,0,0,0,0,0,0,0,0,0,11,21,0,0,0,0,0,0,0,0,0,0,0,0,0,0
12,13,0,19,0,0,0,0,0,0,0,0,0,0,0,0,0,0,0,0,0,0,0,0,0,0,0,10,18,0,13,0,0,0
0,0,0,13,0,0,13,0,0,0,0,0,0,0,0,0,0,0,0,0,0,0,0,0,0,0,0,0,0,0,0,11,0,0
28,13,0,0,0,16,0,0,0,0,0,0,0,0,14,13,10,0,0,0,0,0,0,0,0,0,0,20,38,12,0,0,0,0
0,33,0,26,10,12,0,14,10,0,0,12,14,13,19,19,17,14,11,16,0,0,0,0,10,0,20,0,16,10,0,0,0,18
58,0,0,0,0,13,0,0,0,0,0,10,12,15,26,26,16,11,0,0,0,0,0,0,18,0,38,16,0,42,0,0,0,15
31,42,16,11,0,0,0,0,0,0,11,0,0,15,19,16,16,12,0,15,0,0,0,0,0,0,12,10,42,0,0,0,0,20
12,0,0,0,0,0,10,0,0,0,0,0,0,0,0,0,0,0,0,0,0,0,0,0,13,0,0,0,0,0,0,0,0,0
0,0,0,15,10,0,18,0,10,0,0,0,0,0,0,0,0,0,0,0,0,11,0,0,0,11,0,0,0,0,0,0,0,0
0,0,0,13,0,0,16,0,0,0,0,0,0,0,0,0,0,0,0,0,0,10,0,0,0,0,0,0,0,0,0,0,0,0
27,18,0,0,0,0,0,0,21,31,56,47,34,51,0,0,46,66,50,77,13,22,11,0,0,0,0,18,15,20,0,0,0,0
