0,10,0,14,14,0,0,0,10,0,0,0,0,0,0,0,10,0,0,0,0,0,0,0,0,11,0,0,0,0,14,12,12,0
10,0,0,0,10,0,0,0,0,0,0,0,0,0,0,0,0,0,0,0,10,0,0,0,0,0,0,0,0,0,0,0,0,0
0,0,0,0,11,0,0,0,0,0,0,0,0,0,0,0,0,0,0,0,0,0,0,0,0,0,0,0,0,0,10,0,10,0
14,0,0,0,0,0,10,0,0,0,0,0,0,0,0,0,0,0,0,0,10,0,0,0,0,0,0,0,0,0,0,0,0,0
14,10,11,0,0,10,12,0,0,10,0,0,0,0,0,0,0,10,10,0,10,0,0,0,0,0,10,10,12,10,0,0,0,0
0,0,0,0,10,0,0,0,0,10,0,0,10,0,0,0,0,0,0,0,10,10,0,0,0,0,0,0,0,0,0,0,0,0
0,0,0,10,12,0,0,13,11,10,0,11,0,0,0,0,0,0,0,0,0,10,0,0,0,0,0,0,0,0,0,0,0,0
0,0,0,0,0,0,13,0,0,11,0,0,10,0,0,11,0,0,0,0,0,0,0,0,0,12,0,0,0,0,0,0,0,10
10,0,0,0,0,0,11,0,0,12,0,10,0,0,0,11,0,10,0,10,0,0,0,12,11,10,10,0,0,0,10,10,0,13
0,0,0,0,0,10,10,0,0,0,0,10,13,10,0,13,10,10,0,13,14,0,0,12,11,0,0,0,10,0,0,0,0,13
0,0,0,0,0,0,0,0,0,10,0,0,10,0,0,10,10,10,0,10,10,0,0,11,0,0,0,0,12,0,0,0,0,14
0,0,0,0,0,0,0,0,12,0,0,11,0,10,10,13,13,12,12,0,10,12,11,0,0,11,11,0,0,0,0,11,10,10
11,0,0,0,0,0,0,12,10,10,0,10,12,0,0,0,0,10,10,0,12,0,0,11,10,0,13,11,13,0,0,0,0,11
0,0,0,0,10,0,0,0,10,0,0,10,0,0,0,0,0,10,0,0,13,0,0,11,0,13,0,0,11,0,0,12,12,12
0,0,0,0,10,0,0,0,0,0,0,0,0,0,0,0,0,0,10,0,10,0,0,0,13,11,0,0,0,0,0,0,0,0
0,0,0,0,12,0,0,0,0,0,0,0,0,0,0,10,0,11,11,0,0,10,12,0,0,13,11,0,0,0,10,11,13,0
0,0,0,0,10,0,0,0,0,0,0,0,0,0,0,0,0,0,0,0,11,0,0,0,0,0,0,0,0,0,11,10,0,0
14,0,10,0,0,0,0,0,10,0,0,0,0,0,0,0,0,10,11,0,11,0,0,0,0,0,0,0,10,11,0,11,10,0
12,0,0,0,0,0,0,0,10,0,0,0,10,0,0,0,0,0,11,0,13,0,0,11,13,0,12,0,11,10,11,0,0,11
12,0,10,0,0,0,0,0,0,0,0,0,10,0,0,0,0,10,10,0,12,0,0,10,13,0,12,0,13,0,10,0,0,0
0,0,0,0,10,10,10,11,12,0,0,13,11,12,10,13,10,11,0,0,0,0,10,0,0,10,0,0,0,0,0,0,0,12
0,0,0,0,0,0,0,0,0,0,0,0,13,17,18,22,16,13,0,0,0,0,0,0,0,0,0,0,0,0,0,0,0,16
0,0,0,0,0,0,11,0,10,13,0,0,12,0,10,20,13,12,0,0,0,10,0,11,11,10,10,0,0,0,0,0,0,15
0,0,0,0,0,10,0,10,0,11,13,12,0,16,11,14,0,11,16,16,13,13,10,0,12,12,0,0,0,0,0,10,10,13
0,0,0,0,0,0,0,0,0,12,17,0,16,0,12,27,14,16,13,13,13,10,0,10,11,0,0,0,0,0,0,0,0,15
0,0,0,0,0,0,0,0,0,10,18,10,11,12,0,18,13,19,16,18,14,0,0,10,10,0,0,0,0,0,0,0,0,10
0,0,0,0,0,0,0,11,11,13,22,20,14,27,18,0,21,26,22,30,18,13,10,13,12,0,0,0,10,0,0,0,0,0
10,0,0,0,0,0,0,0,0,10,16,13,0,14,13,21,0,18,18,26,15,10,10,13,11,0,0,0,0,0,0,0,0,16
0,0,0,0,10,0,0,0,10,11,13,12,11,16,19,26,18,0,16,27,17,10,10,12,12,10,10,0,11,0,10,0,10,19
0,0,0,0,10,0,0,0,0,0,0,0,16,13,16,22,18,16,0,13,13,0,0,12,11,10,0,10,11,0,11,11,10,20
0,0,0,0,0,0,0,0,10,0,0,0,16,13,18,30,26,27,13,0,12,13,10,0,0,0,0,0,0,0,0,0,0,21
0,10,0,10,10,10,0,0,0,0,0,0,13,13,14,18,15,17,13,12,0,14,10,10,10,12,13,10,0,11,11,13,12,17
0,0,0,0,0,0,0,0,11,0,0,11,12,11,10,12,11,12,11,0,10,11,0,0,0,10,0,13,0,0,0,13,13,12
0,0,0,0,0,0,0,10,13,12,16,15,13,15,10,0,16,19,20,21,17,13,14,10,12,11,12,0,0,0,0,11,0,0
